67
69

52
28

39
1,642

136
320

223
Author

126
409

2,286
6,731

1,247
4,848

520
1,329

26
79

720
3,187

1,021
Author

283
429

936
8,375

19
14

2,886
11,934

141
1,290

18
28

7
18

24
43

25
958

35
690

305
1,183

1
4

44
36

132
1,148

102
551

3
16

962
3,396

128
350

625
2,912

202
313

196
990

442
585

153
419

136
313

238
511

548
1,437

58
38

114
351

64
225

201
3,316

65
1,016

209
1,581

51
230

155
410

6
9

179
626

108
741

140
78

2,932
5,733

184
1,335

338
411

199
1,044

8
48

1,002
1,300

41
139

226
457

127
423

30
11

2
Author

613
239

276
341

451
535

6
801

92
459

