500000.689            0.83
6967607.160493827     0.81
18658463.47826087     0.71
8780370.0             0.73
566743.6842105263     0.63
19983895.68	      0.41
13356825.0            0.10949464012251149
10456896.0            0.2838709677419355
22026173.617021278    0.3146067415730337
4564665.762711864     0.47619047619047616		   
4666791.36	      0.6921508664627931
1616119.68            0.519289464045904
1909416.96            0.5449090205187767
3762727.5	      0.29337899543379
5261873.28	      0.7368421052631579
5354567.368421053     0.2261904761904762
9775252.674418604     0.6080332409972299
7534760.365535248     0.6940568051223116
5981776.4             0.26228944654520453
